(-1, -1, 1)|activePlanning|(1, -1, 1)|7.71001344186
(1, 1, 1)|activePlanning|(1, -1, 0)|5.79165256796
(1, -1, -1)|rewardPunish|(1, 1, -1)|6.14669568587
(1, -1, 1)|remindTruths|(0, 0, 1)|5.24823731771
(1, 1, 1)|rewardPunish|(-1, -1, 1)|2.26447002981
(-1, -1, 1)|rewardPunish|(1, 1, -1)|6.47824688303
(1, 1, 1)|remindTruths|(1, 1, 0)|1.97375892744
(0, 0, 1)|activePlanning|(-1, 0, 1)|6.00196926764
(0, 1, -1)|activePlanning|(0, 1, -1)|1.65226725309
(0, 0, 1)|remindTruths|(1, 0, 1)|6.5060059329
(-1, -1, 1)|rewardPunish|(0, -1, 0)|2.27070110051
(-1, -1, -1)|activePlanning|(1, 0, 0)|3.6154443569
(1, 0, 1)|remindTruths|(1, -1, 0)|6.4609345968
(0, 1, 1)|activePlanning|(-1, -1, 0)|9.05877270375
(-1, 1, 1)|rewardPunish|(1, 0, 0)|2.54151583365
(0, 1, 1)|remindTruths|(-1, -1, -1)|9.32290589922
(1, 1, 0)|remindTruths|(-1, 1, 0)|8.19194349162
(-1, 1, 0)|activePlanning|(1, -1, -1)|9.85283278694
(0, -1, -1)|rewardPunish|(0, -1, 1)|8.53242439681
(-1, -1, 1)|rewardPunish|(1, 0, -1)|5.75293513713
(0, 1, 1)|activePlanning|(1, 1, 1)|5.82605688813
(-1, 0, 1)|activePlanning|(1, 1, 0)|6.43852436214
(0, 1, 1)|remindTruths|(0, 1, 0)|4.57427046004
(-1, 1, 1)|activePlanning|(0, 1, 0)|8.59684343154
(0, 1, 1)|remindTruths|(0, 1, -1)|7.21695827422
(0, -1, 1)|activePlanning|(0, 0, 0)|6.54076097334
(1, -1, 1)|remindTruths|(-1, -1, -1)|2.71045496333
(-1, 0, 0)|activePlanning|(0, 0, 1)|4.09260296687
(-1, 1, 1)|remindTruths|(1, 1, 1)|1.07512255721
(-1, 0, -1)|rewardPunish|(1, 1, -1)|5.66672669734
(-1, 1, 0)|rewardPunish|(-1, 1, 0)|8.93311661144
(0, 0, 0)|rewardPunish|(0, -1, 1)|1.59687217589
(-1, -1, 0)|rewardPunish|(1, 0, 1)|1.75545851221
(0, 1, 0)|activePlanning|(0, -1, -1)|1.5830605918
(0, 0, 1)|activePlanning|(0, 1, 0)|5.57912339697
(0, 1, 1)|remindTruths|(0, -1, 0)|5.87534925321
(1, 0, 1)|remindTruths|(-1, 0, 1)|9.92510868526
(0, 0, -1)|rewardPunish|(0, -1, 1)|5.88236032327
(0, 1, 0)|activePlanning|(1, 1, 0)|7.18218092022
(0, 0, 0)|rewardPunish|(-1, 0, 0)|8.84822213506
(1, 0, -1)|remindTruths|(0, 1, 1)|4.54988460495
(-1, 0, -1)|rewardPunish|(1, 0, 0)|6.8104754223
(1, 1, 1)|remindTruths|(0, -1, 1)|6.2302928204
(1, -1, 1)|rewardPunish|(-1, -1, -1)|1.78205390289
(-1, 1, 1)|rewardPunish|(1, -1, -1)|1.32851603735
(0, -1, 0)|remindTruths|(-1, 0, 1)|4.46127095772
(0, 1, -1)|activePlanning|(0, 0, 1)|7.6577339911
(-1, 1, 1)|rewardPunish|(1, -1, 1)|4.61885867779
(0, -1, -1)|remindTruths|(0, 0, 1)|8.57329668589
(-1, 0, -1)|activePlanning|(0, 0, 0)|6.25195345179
(1, 0, 0)|rewardPunish|(1, 0, 1)|4.5400059187
(1, -1, -1)|activePlanning|(1, -1, 0)|6.58633709743
(0, 1, 1)|activePlanning|(1, 0, -1)|3.76809046731
(0, 1, 0)|rewardPunish|(0, 0, 1)|7.53317565141
(0, 1, 0)|remindTruths|(1, 1, 0)|4.65511931223
(1, 0, 0)|activePlanning|(1, -1, -1)|5.34683333143
(1, 1, 0)|remindTruths|(0, 1, 0)|8.76195339028
(1, 0, 0)|activePlanning|(1, -1, 1)|2.8996258667
(1, 1, 0)|activePlanning|(1, -1, 1)|4.30427036152
(-1, 1, -1)|rewardPunish|(-1, -1, -1)|3.06721540023
(-1, 1, -1)|rewardPunish|(1, -1, 0)|8.17003994673
(-1, 1, 1)|remindTruths|(1, -1, -1)|7.18375497765
(0, 0, 1)|remindTruths|(-1, -1, -1)|5.30089218813
(-1, -1, 0)|activePlanning|(1, 0, 1)|7.98972383424
(-1, 0, 0)|rewardPunish|(1, 1, 1)|9.76874478523
(1, -1, 0)|remindTruths|(1, 1, -1)|2.20183986517
(0, 0, 1)|rewardPunish|(-1, 0, 0)|8.39630792251
(1, -1, -1)|rewardPunish|(0, 1, -1)|2.52839030323
(1, -1, 0)|remindTruths|(0, -1, 0)|1.98161831917
(-1, 1, 0)|remindTruths|(1, 1, -1)|6.58673578373
(-1, -1, 0)|remindTruths|(-1, 1, 0)|8.60118671392
(1, 0, 0)|activePlanning|(-1, 0, -1)|6.57353611991
(1, 0, 0)|remindTruths|(1, 0, 0)|4.373009813
(-1, -1, 1)|rewardPunish|(0, 1, -1)|1.32621708227
(-1, 0, 0)|remindTruths|(0, 0, 0)|1.20697680342
(1, 1, -1)|rewardPunish|(0, -1, -1)|5.8332190824
(0, 0, -1)|remindTruths|(0, 0, 0)|4.31796939356
(1, 0, 1)|rewardPunish|(0, 1, 1)|1.09789929206
(-1, -1, 0)|activePlanning|(1, 1, 0)|1.36073961082
(0, 0, 1)|activePlanning|(0, 1, 1)|8.78528971848
(-1, 1, 0)|rewardPunish|(0, 0, 0)|8.93137606144
(0, -1, 1)|remindTruths|(0, 1, -1)|5.40056512833
(0, -1, -1)|rewardPunish|(-1, 0, 1)|9.86650889007
(1, 0, 0)|rewardPunish|(0, 0, 1)|8.87029369483
(-1, -1, -1)|rewardPunish|(0, 0, -1)|4.30903456879
(-1, -1, 1)|remindTruths|(-1, -1, 1)|5.69676545034
(1, 1, 1)|remindTruths|(-1, 1, -1)|8.46424753053
(-1, 1, -1)|remindTruths|(1, 0, 0)|8.95811937239
(1, 1, -1)|remindTruths|(0, -1, 1)|1.51070278125
(1, 1, 0)|rewardPunish|(-1, 1, 0)|4.99801977401
(0, -1, 0)|rewardPunish|(1, -1, -1)|6.57810538068
(0, 1, 0)|activePlanning|(0, -1, 0)|1.57133147775
(0, 1, 1)|rewardPunish|(1, -1, -1)|6.54841120173
(1, 1, 1)|remindTruths|(-1, -1, 1)|2.45177496231
(1, 1, 0)|remindTruths|(-1, -1, -1)|3.10009700709
(1, -1, -1)|activePlanning|(-1, 0, -1)|5.94220913371
(0, 1, -1)|rewardPunish|(1, 0, 1)|2.74561455851
(1, 0, 1)|activePlanning|(1, -1, 1)|1.64305530169
(1, 0, 0)|activePlanning|(1, 1, -1)|6.33917961751
(0, 1, -1)|rewardPunish|(0, 0, 0)|2.68515195976
(-1, 0, 1)|activePlanning|(0, 1, 0)|8.40944908726
(-1, 1, 1)|rewardPunish|(0, -1, 1)|3.50411646177
(-1, 1, 1)|activePlanning|(1, -1, 0)|5.50623994864
(0, 1, 1)|remindTruths|(1, 0, 1)|7.36100402807
(1, 1, 1)|rewardPunish|(-1, -1, 0)|8.17421983852
(-1, 0, 0)|rewardPunish|(0, 0, 1)|6.96794583943
(-1, 1, 1)|remindTruths|(0, -1, 0)|3.85796398525
(0, 0, -1)|activePlanning|(1, 1, 0)|4.970232693
(1, 1, 0)|remindTruths|(1, 0, -1)|9.08386061001
(-1, -1, 0)|activePlanning|(-1, 1, -1)|6.01908244849
(-1, 1, 1)|activePlanning|(-1, 0, 1)|7.96012393116
(1, -1, 0)|rewardPunish|(0, -1, 0)|5.81201849404
(0, -1, 1)|rewardPunish|(1, 0, 1)|3.51956934839
(0, 1, 1)|remindTruths|(0, -1, 1)|8.44187161585
(0, -1, 1)|activePlanning|(1, -1, -1)|5.61826279889
(-1, 1, -1)|activePlanning|(-1, 0, 0)|3.38475748005
(-1, 1, 0)|remindTruths|(-1, 0, -1)|2.31227731827
(1, 0, 0)|remindTruths|(0, 1, -1)|9.90266637034
(0, 1, -1)|activePlanning|(-1, 1, 0)|4.97387903999
(0, -1, -1)|remindTruths|(-1, 0, -1)|8.22688618099
(0, 1, 0)|activePlanning|(0, 0, 0)|5.39394280975
(-1, -1, 0)|activePlanning|(-1, -1, 1)|7.5061666503
(-1, -1, 1)|remindTruths|(0, 1, -1)|8.53760704069
(0, 0, -1)|activePlanning|(-1, -1, -1)|3.0190333586
(-1, -1, 0)|remindTruths|(1, 1, 1)|7.91380914913
(0, 1, 0)|activePlanning|(0, 1, 1)|3.12061099937
(0, -1, 1)|activePlanning|(-1, 0, 0)|9.51814435112
(-1, 1, 0)|activePlanning|(1, 0, -1)|5.06811405094
(-1, 0, 0)|activePlanning|(1, 1, 1)|5.51183407115
(0, 0, 1)|rewardPunish|(1, -1, 1)|2.65267011305
(1, 0, 1)|activePlanning|(1, -1, -1)|6.84688002838
(1, -1, 0)|activePlanning|(-1, 0, -1)|5.16305003599
(-1, 1, -1)|rewardPunish|(-1, -1, 1)|7.88560821542
(1, -1, 1)|remindTruths|(0, 1, 0)|2.9652797663
(-1, 0, 1)|rewardPunish|(-1, 1, -1)|6.70368904738
(0, 0, 1)|rewardPunish|(-1, 1, 1)|3.69429717895
(-1, 0, 0)|activePlanning|(0, 1, 0)|5.03743823821
(1, 1, 0)|rewardPunish|(-1, 0, 0)|1.05359661099
(1, 0, -1)|remindTruths|(0, -1, -1)|7.59886235849
(1, 1, -1)|remindTruths|(-1, -1, 1)|1.69341764813
(1, 0, -1)|rewardPunish|(-1, 0, -1)|6.68215362063
(0, 1, -1)|remindTruths|(1, 0, 0)|2.73452047038
(1, 0, -1)|rewardPunish|(0, 0, 1)|9.9970966293
(0, 0, 1)|rewardPunish|(1, 1, -1)|1.45483566159
(0, 1, 0)|activePlanning|(-1, 1, 0)|8.8090249358
(-1, -1, -1)|rewardPunish|(-1, 1, 1)|6.71616268034
(1, 1, 1)|remindTruths|(-1, 1, -1)|7.95707195588
(1, 0, 0)|remindTruths|(1, 0, 1)|2.82910021166
(1, 0, -1)|rewardPunish|(-1, -1, -1)|1.12129352525
(0, 0, 1)|activePlanning|(-1, 1, 1)|9.63742993281
(0, -1, 0)|activePlanning|(0, 1, 1)|5.32085329873
(0, -1, 1)|activePlanning|(0, -1, -1)|1.02057725034
(-1, 1, -1)|rewardPunish|(0, -1, -1)|4.57148041645
(-1, 1, 0)|remindTruths|(0, 0, 0)|8.31816640776
(0, 0, 0)|rewardPunish|(1, 1, 0)|4.46264057236
(0, 1, 1)|rewardPunish|(-1, -1, 1)|5.8603528512
(-1, -1, -1)|remindTruths|(1, 1, 0)|7.40561000625
(-1, -1, -1)|activePlanning|(-1, 0, 1)|1.27971475232
(-1, -1, -1)|activePlanning|(1, 0, -1)|2.23770392429
(1, -1, -1)|rewardPunish|(0, -1, -1)|5.56054264698
(1, 1, 0)|rewardPunish|(-1, -1, -1)|1.089830318
(1, -1, -1)|rewardPunish|(1, 1, 0)|8.02593510214
(-1, 0, -1)|activePlanning|(0, 0, 0)|3.17310195675
(1, 0, -1)|rewardPunish|(1, 0, 0)|9.06240458849
(-1, 1, -1)|activePlanning|(-1, -1, 1)|5.68014877048
(1, 1, -1)|activePlanning|(-1, 0, -1)|4.75360615532
(1, 0, 1)|remindTruths|(0, -1, 0)|3.41350248921
(0, 0, 1)|rewardPunish|(0, 0, -1)|1.07996695097
(-1, -1, -1)|activePlanning|(-1, -1, 1)|6.94417855616
(0, 0, -1)|activePlanning|(-1, -1, -1)|4.5743600555
(0, -1, 1)|remindTruths|(0, -1, 1)|4.26559693696
(0, -1, 0)|activePlanning|(-1, 1, -1)|8.00242673357
(1, 1, 1)|remindTruths|(1, 1, -1)|2.47170746426
(0, -1, 1)|activePlanning|(0, 1, 1)|2.7279588455
(0, 0, 0)|activePlanning|(1, -1, -1)|1.76574241805
(-1, 0, 0)|remindTruths|(1, 1, 0)|9.70076466795
(-1, 0, 0)|remindTruths|(-1, -1, 1)|2.97213837519
(1, 0, 1)|remindTruths|(0, 1, 0)|4.7549176433
(1, 0, 0)|remindTruths|(-1, 0, 1)|9.99955079166
(-1, 0, 1)|activePlanning|(0, -1, 0)|4.72631359716
(0, 0, 1)|activePlanning|(0, 0, 0)|4.71638517587
(0, -1, 0)|remindTruths|(0, 0, -1)|9.78471328222
(-1, 1, -1)|remindTruths|(1, -1, 1)|7.68344037754
(-1, -1, 1)|rewardPunish|(-1, -1, -1)|9.88510797869
(1, 1, -1)|activePlanning|(-1, 1, 0)|5.28447040317
(-1, 0, -1)|remindTruths|(0, 1, -1)|9.72461241526
(1, -1, -1)|remindTruths|(1, 1, 1)|7.29279707494
(0, 1, -1)|rewardPunish|(1, 1, 1)|6.37533667022
(0, 0, 1)|rewardPunish|(0, 0, 1)|2.0330182257
(-1, 1, -1)|rewardPunish|(0, -1, 0)|8.3729204348
(1, 1, 1)|remindTruths|(-1, -1, 1)|1.9405127197
(-1, -1, 0)|rewardPunish|(0, -1, -1)|6.00076943123
(0, -1, 0)|rewardPunish|(-1, 1, 1)|7.48814980333
(0, 1, -1)|activePlanning|(0, 0, 1)|1.08966972837
(-1, 1, 0)|remindTruths|(1, -1, -1)|3.4918929994
(0, 0, -1)|rewardPunish|(1, -1, -1)|5.12924947546
(1, -1, 0)|remindTruths|(1, -1, -1)|8.83997379864
(1, 1, 1)|rewardPunish|(0, -1, 1)|5.64289484223
(-1, 0, 1)|activePlanning|(-1, 0, -1)|3.39517823132
(-1, 0, 0)|activePlanning|(1, 1, -1)|7.94423158172
(1, 1, -1)|remindTruths|(0, 0, 0)|4.46911752691
(-1, 0, 0)|remindTruths|(0, 1, 0)|3.93127349638
(1, 1, 1)|rewardPunish|(1, -1, 0)|1.46336652856
(1, 0, 0)|rewardPunish|(-1, 1, -1)|4.19645603886
(0, -1, -1)|remindTruths|(0, 0, 1)|8.31883950582
(-1, 0, 1)|activePlanning|(-1, 1, 1)|7.22006047604
(1, -1, -1)|rewardPunish|(-1, 1, 0)|7.60427775516
(-1, -1, 0)|activePlanning|(0, 0, -1)|9.70499213103
(0, 0, 1)|remindTruths|(-1, 0, 1)|5.29031870101
(-1, 0, 0)|remindTruths|(0, 0, 1)|3.1216131674
(-1, 1, 1)|remindTruths|(-1, 1, 1)|3.61694714595
(1, 1, 1)|rewardPunish|(1, 0, 0)|9.24252841606
(0, 1, -1)|remindTruths|(0, 1, 1)|9.80795022546
(1, 0, 0)|rewardPunish|(1, -1, -1)|1.76439221137
(-1, 1, 1)|remindTruths|(0, -1, 1)|5.89191044582
(-1, 1, -1)|rewardPunish|(-1, 1, 0)|5.26238857162
(1, 0, 0)|activePlanning|(0, -1, 1)|6.63026839566
(1, 0, 1)|rewardPunish|(0, 1, 1)|1.08226320742
(0, 0, -1)|remindTruths|(-1, -1, 1)|3.54162778996
(0, 1, 1)|rewardPunish|(-1, 1, 0)|9.78810217454
(0, 0, 1)|activePlanning|(0, 1, 1)|5.24393648453
(-1, 1, 0)|activePlanning|(0, 1, 1)|5.2342734263
(0, 1, 0)|rewardPunish|(-1, 1, 1)|3.31846557897
(-1, 1, 0)|rewardPunish|(0, 0, 0)|4.14391313382
(-1, 0, -1)|activePlanning|(-1, 0, 1)|7.1776414024
(0, 0, 1)|rewardPunish|(0, 1, 0)|7.17638132156
(1, 1, 1)|remindTruths|(0, 1, -1)|1.18142290193
(-1, 1, 1)|activePlanning|(0, 0, 1)|9.98622729249
(1, 1, -1)|activePlanning|(-1, -1, -1)|5.93439134684
(-1, -1, 0)|rewardPunish|(0, 0, 1)|7.00810098585
(0, 1, 0)|rewardPunish|(-1, 0, 0)|6.7561663717
(1, 1, -1)|remindTruths|(0, -1, 1)|4.91022251595
(-1, 0, -1)|remindTruths|(-1, 0, 1)|5.06294231453
(-1, 0, 1)|activePlanning|(-1, 1, 0)|9.4479542218
(-1, -1, 0)|remindTruths|(1, 0, -1)|4.77011306325
(-1, 1, 0)|activePlanning|(0, 0, 1)|1.80183451108
(0, 1, 0)|activePlanning|(1, 1, -1)|9.34727956582
(0, -1, 1)|remindTruths|(1, 0, 1)|4.04121853917
(0, -1, -1)|remindTruths|(1, -1, 0)|5.14698754955
(0, 0, 1)|remindTruths|(0, -1, -1)|3.38945110611
(0, 0, 1)|activePlanning|(0, -1, -1)|4.43050599919
(1, 0, 0)|rewardPunish|(1, -1, 1)|4.12344132849
(-1, -1, -1)|rewardPunish|(1, 0, -1)|4.87292702628
(-1, 0, -1)|activePlanning|(-1, 1, 0)|9.81399370556
(-1, 0, 0)|activePlanning|(-1, 0, 0)|6.99124049135
(1, 0, -1)|rewardPunish|(0, 1, 0)|3.26566199225
(0, 1, -1)|remindTruths|(0, -1, 1)|7.19964333295
(0, 1, 1)|activePlanning|(-1, -1, 1)|5.1815637564
(1, 1, 0)|remindTruths|(-1, -1, -1)|1.93777302619
(-1, 0, 1)|rewardPunish|(0, 1, -1)|4.03906160433
(0, 1, 1)|activePlanning|(0, -1, -1)|5.03853455282
(-1, 1, -1)|remindTruths|(0, 1, -1)|6.16103275454
(1, 1, 1)|remindTruths|(-1, -1, 1)|3.23007885898
(1, 0, 0)|rewardPunish|(1, 0, 1)|2.29846333085
(-1, 1, 1)|rewardPunish|(0, 1, 1)|8.0218767214
(1, 0, -1)|remindTruths|(1, 1, 0)|8.53612247135
(0, 1, 1)|remindTruths|(0, 0, 0)|1.84612452219
(1, 1, 0)|remindTruths|(0, 1, 1)|4.21438962241
(0, 0, 1)|rewardPunish|(0, 1, 0)|6.13211691644
(1, -1, 1)|remindTruths|(0, 0, 1)|3.70117479303
(-1, 1, 1)|activePlanning|(-1, 0, -1)|9.92658075636
(0, 0, -1)|rewardPunish|(0, 1, -1)|8.11820863472
(-1, -1, 1)|rewardPunish|(1, -1, 0)|1.73101774983
(-1, -1, 1)|remindTruths|(-1, 0, 0)|6.65134178133
(0, 1, 1)|remindTruths|(1, -1, 0)|3.72768292686
(1, 0, -1)|rewardPunish|(1, 0, -1)|4.35680544415
(1, -1, 1)|remindTruths|(0, 0, 0)|6.23968610083
(-1, 0, 0)|rewardPunish|(1, 1, -1)|4.46341178002
(-1, -1, 0)|remindTruths|(1, 0, 0)|3.1473788034
(1, 1, 0)|rewardPunish|(-1, 0, -1)|6.98286703686
(-1, 1, -1)|activePlanning|(1, 1, -1)|7.8383514407
(1, 1, 0)|rewardPunish|(-1, 1, 0)|8.61829165649
(0, 1, 1)|rewardPunish|(-1, 1, -1)|5.16106612664
(-1, 1, 1)|rewardPunish|(-1, -1, 1)|1.86763845403
(0, 1, 1)|activePlanning|(-1, 1, 1)|4.04236829775
(-1, 1, 1)|rewardPunish|(1, 1, 1)|7.67614275007
(-1, 1, 1)|activePlanning|(0, 0, 1)|3.04343228777
(0, -1, -1)|activePlanning|(0, 1, 0)|7.14551881702
(0, -1, 1)|remindTruths|(0, 0, -1)|4.58408494191
(-1, -1, -1)|remindTruths|(0, 1, -1)|8.42267478451
(-1, -1, 0)|activePlanning|(0, -1, -1)|8.96420822113
(0, -1, -1)|activePlanning|(0, 0, 1)|6.63588753457
(0, 1, 1)|remindTruths|(0, 1, -1)|7.01960753815
(1, 1, 0)|rewardPunish|(0, 1, 0)|3.85764261379
(1, 0, -1)|remindTruths|(1, 0, 0)|6.40478691354
(0, -1, 1)|remindTruths|(-1, 0, -1)|8.09052552303
(1, 0, 0)|activePlanning|(0, 1, -1)|6.51941963162
(-1, -1, -1)|remindTruths|(-1, 0, 1)|9.43347577678
(1, -1, 1)|remindTruths|(1, 0, 0)|8.22140416306
(0, -1, 0)|activePlanning|(-1, -1, 1)|7.63667354182
(1, 0, 0)|activePlanning|(0, -1, 0)|3.67142552864
(0, -1, 0)|remindTruths|(0, 1, 1)|6.04613022426
(1, -1, -1)|remindTruths|(-1, 0, 0)|3.91068862587
(1, 1, 0)|rewardPunish|(1, -1, 0)|1.66540773367
(1, 1, 0)|activePlanning|(0, -1, 1)|7.98219827273
(0, -1, -1)|rewardPunish|(-1, 1, 1)|5.82701763963
(1, 0, 0)|remindTruths|(-1, 1, 0)|1.79321994408
(1, 1, -1)|rewardPunish|(1, 1, -1)|5.99841853187
(1, 1, 0)|rewardPunish|(-1, 0, 1)|9.72451556364
(1, 1, 1)|rewardPunish|(-1, 0, 0)|1.71470592496
(0, 0, -1)|activePlanning|(1, -1, -1)|1.9491001286
(0, -1, 0)|rewardPunish|(1, 1, 0)|9.04273681899
(1, -1, 0)|rewardPunish|(0, 1, -1)|6.59395202804
(-1, -1, 0)|rewardPunish|(-1, 0, -1)|5.77810078807
(1, 1, 1)|rewardPunish|(1, 0, 0)|2.77959011668
(0, 1, 1)|activePlanning|(1, 0, 0)|2.24496111623
(0, -1, -1)|remindTruths|(0, -1, 1)|1.75500001509
(0, 1, 1)|remindTruths|(1, -1, -1)|2.66579833192
(1, 0, -1)|remindTruths|(0, -1, 1)|6.41780876559
(1, 0, 0)|rewardPunish|(0, 0, 1)|8.17267740235
(0, -1, 0)|rewardPunish|(1, 0, 0)|9.42753525895
(0, 1, 1)|remindTruths|(0, 1, 1)|7.16321815538
(1, 1, -1)|activePlanning|(-1, -1, 1)|5.53169349561
(0, 1, -1)|remindTruths|(1, 1, 1)|3.00130396533
(-1, 1, 1)|remindTruths|(1, 0, 0)|7.75820920303
(0, 1, -1)|rewardPunish|(0, 0, 1)|5.00225093043
(1, 0, -1)|remindTruths|(1, -1, -1)|2.57225649055
(-1, 0, -1)|rewardPunish|(1, 0, -1)|7.67170156506
(1, -1, -1)|activePlanning|(-1, 0, 0)|5.02233075842
(0, 1, 0)|activePlanning|(1, 1, 1)|4.2532524161
(0, 0, 0)|activePlanning|(-1, 0, -1)|7.57299366761
(-1, 1, 0)|remindTruths|(1, 1, 1)|3.5975171393
(-1, -1, 0)|rewardPunish|(-1, 1, 0)|5.81165621652
(-1, 0, 1)|activePlanning|(-1, 1, -1)|6.47971300712
(-1, 0, 0)|remindTruths|(1, 1, 1)|9.58480187705
(1, 1, 0)|rewardPunish|(-1, 1, -1)|3.17603576536
(0, 0, 0)|rewardPunish|(-1, -1, 0)|2.06404080527
(1, 1, -1)|activePlanning|(0, 1, 1)|7.76693730328
(0, 1, 1)|activePlanning|(-1, 0, 1)|5.91013318811
(1, -1, 1)|remindTruths|(-1, -1, -1)|6.77354856541
(1, 0, 0)|remindTruths|(-1, 1, -1)|1.82969622934
(-1, -1, 0)|activePlanning|(1, -1, 0)|9.6755266832
(-1, 0, 1)|remindTruths|(0, 0, 1)|3.06224391584
(0, 1, 0)|rewardPunish|(0, -1, 1)|9.77470869485
(0, 0, 0)|remindTruths|(-1, 1, -1)|4.29670920399
(1, 0, 0)|activePlanning|(1, -1, -1)|4.56514022733
(-1, 1, 0)|rewardPunish|(1, -1, 0)|2.21303525517
(1, 1, 1)|rewardPunish|(1, 0, 1)|1.53131254124
(0, 0, 0)|rewardPunish|(1, 0, 1)|6.48603381925
(0, 0, 0)|remindTruths|(-1, 0, -1)|1.39912138601
(1, 1, -1)|rewardPunish|(1, 0, -1)|9.81953269689
(1, 1, 0)|rewardPunish|(1, 1, 0)|3.06158528996
(1, -1, 1)|activePlanning|(0, -1, 0)|8.62411988053
(1, 0, 1)|activePlanning|(0, 1, -1)|9.32958485181
(0, 0, 1)|rewardPunish|(1, 1, -1)|7.20196496605
(1, -1, 0)|remindTruths|(-1, -1, -1)|4.12661556658
(-1, -1, 0)|rewardPunish|(0, 1, 0)|9.31382196731
(1, -1, 1)|rewardPunish|(0, 0, -1)|3.89178880062
(0, 0, 0)|activePlanning|(0, 0, 0)|3.941411333
(-1, -1, 1)|rewardPunish|(-1, 1, 0)|4.78826937389
(0, 0, 0)|activePlanning|(0, 0, 1)|4.60903748315
(0, -1, 1)|rewardPunish|(1, 0, 1)|8.47951036539
(-1, 0, 0)|remindTruths|(-1, 1, 1)|4.96759007814
(-1, 1, 0)|remindTruths|(-1, 0, 1)|6.24433295183
(-1, 0, -1)|activePlanning|(0, 1, 0)|1.31479154783
(0, 1, -1)|remindTruths|(-1, 1, 0)|1.09271674542
(0, 0, -1)|activePlanning|(0, -1, -1)|7.50227621151
(1, 0, 0)|activePlanning|(-1, 1, 1)|3.25203693838
(1, -1, -1)|remindTruths|(-1, 1, -1)|4.02870731387
(-1, -1, -1)|activePlanning|(0, -1, 0)|2.04395971493
(1, -1, 0)|rewardPunish|(0, 0, 0)|6.62289955861
(-1, 1, 0)|remindTruths|(1, 1, -1)|8.40557382735
(-1, -1, 0)|remindTruths|(1, 1, 0)|1.92377757668
(0, -1, 0)|remindTruths|(-1, -1, -1)|8.2022054169
(1, -1, 0)|rewardPunish|(-1, 0, 1)|8.71896522266
(0, -1, -1)|remindTruths|(0, 0, -1)|4.7033727079
(0, 0, 0)|remindTruths|(1, 1, 0)|9.62708684992
(1, -1, -1)|remindTruths|(0, 1, 0)|3.39309201796
(-1, 0, 1)|remindTruths|(0, 0, 0)|8.50260669238
(0, -1, 1)|activePlanning|(1, 0, 0)|1.56962666038
(1, 0, 1)|activePlanning|(0, 1, 0)|2.1038933334
(0, 0, 0)|activePlanning|(1, 1, 1)|1.17252912303
(0, -1, -1)|remindTruths|(-1, -1, 0)|4.82262646711
(-1, -1, 0)|activePlanning|(1, -1, -1)|1.32918915052
(1, -1, 0)|remindTruths|(0, 1, -1)|5.82514713079
(-1, 1, -1)|remindTruths|(0, 0, 0)|7.16855671171
(1, 1, 0)|remindTruths|(1, 0, 1)|2.43814930479
(1, 1, -1)|rewardPunish|(-1, -1, 1)|8.23265657737
(1, 1, 1)|remindTruths|(-1, 0, -1)|5.90611123213
(-1, 1, -1)|rewardPunish|(1, 0, 0)|9.58313426117
(-1, 1, 0)|remindTruths|(1, 0, 1)|6.60344041259
(0, 1, 0)|activePlanning|(1, 0, -1)|3.30295744911
(1, 1, 1)|rewardPunish|(0, 1, 0)|4.63675033597
(0, 1, 0)|remindTruths|(-1, -1, -1)|8.10511729774
(1, 1, 1)|rewardPunish|(1, 0, -1)|6.85568705648
(0, 0, 1)|rewardPunish|(1, -1, -1)|5.8067008436
(1, 0, -1)|rewardPunish|(1, 1, 0)|4.78176420912
(-1, -1, 1)|activePlanning|(1, 0, 0)|2.99946901807
(1, 1, 0)|activePlanning|(-1, 0, -1)|9.02400441987
(0, -1, -1)|remindTruths|(1, -1, 1)|3.2720159694
(1, 0, 0)|remindTruths|(-1, -1, 1)|1.58060762376
(-1, 0, -1)|remindTruths|(1, 1, 0)|1.47085675368
(-1, -1, 0)|remindTruths|(-1, 1, 1)|4.03688649654
(1, 1, 0)|remindTruths|(1, 1, 0)|8.40458473511
(1, 1, -1)|rewardPunish|(1, 0, 0)|5.50912813565
(-1, -1, 1)|activePlanning|(1, -1, 0)|5.8337169096
(-1, 0, -1)|rewardPunish|(1, -1, -1)|6.89057092005
(-1, 1, 0)|remindTruths|(-1, 1, -1)|2.96966961538
(0, -1, -1)|remindTruths|(1, 1, 1)|5.88721193165
(0, -1, -1)|remindTruths|(-1, -1, 1)|4.33839223273
(0, -1, -1)|rewardPunish|(-1, 1, 1)|5.5533483086
(1, -1, 1)|activePlanning|(1, -1, 1)|4.85020659505
(1, 0, -1)|activePlanning|(-1, 0, -1)|3.05384259268
(-1, 1, -1)|remindTruths|(1, 0, -1)|8.23999273386
(0, 1, -1)|remindTruths|(0, -1, 0)|1.24145931819
(0, 0, 0)|activePlanning|(-1, -1, 1)|6.84631697163
(1, -1, -1)|rewardPunish|(-1, 0, -1)|2.02630357339
(1, 0, -1)|remindTruths|(0, 1, -1)|8.7302029978
(0, 1, -1)|remindTruths|(0, -1, -1)|8.33870955018
(0, 0, -1)|rewardPunish|(1, 0, 0)|5.6652603442
(0, 0, 1)|activePlanning|(0, 1, 1)|1.34838095902
(1, -1, -1)|remindTruths|(1, 1, 0)|9.45191819881
(0, 0, 0)|activePlanning|(1, 1, -1)|8.24669119564
(1, 0, 1)|rewardPunish|(0, -1, 0)|7.42192638928
(1, -1, 0)|rewardPunish|(1, 1, 0)|2.0818841749
(1, 1, 0)|activePlanning|(1, 1, 1)|5.05190873806
(-1, 0, -1)|rewardPunish|(1, 0, 0)|8.17353765268
(0, 1, 0)|remindTruths|(1, 1, 0)|9.51392438076
(0, -1, 0)|rewardPunish|(0, 0, 0)|7.79339669845
(1, 1, -1)|remindTruths|(1, -1, 1)|9.77992831759
(-1, -1, 1)|activePlanning|(0, 0, 0)|6.59821826964
(-1, 0, -1)|activePlanning|(1, -1, -1)|4.7679239776
(-1, -1, 1)|rewardPunish|(0, -1, 1)|3.47787265966
(0, 0, 1)|rewardPunish|(-1, 0, 1)|2.24984074779
(-1, 0, -1)|activePlanning|(-1, -1, -1)|7.76621342945
(0, 1, 1)|activePlanning|(0, 0, -1)|3.12989780367
(1, 0, 1)|activePlanning|(0, 1, 0)|2.43603604607
(1, 1, -1)|activePlanning|(-1, -1, 0)|9.24121099587
(1, 0, 0)|rewardPunish|(1, -1, 0)|9.25925457297
(-1, -1, 0)|remindTruths|(-1, -1, 1)|9.48119374249
(0, -1, 1)|rewardPunish|(0, -1, 0)|9.29017924073
(0, 0, 1)|remindTruths|(0, 0, -1)|7.43466605749
(1, 1, 1)|activePlanning|(0, 1, 0)|1.79334767424
(0, 1, 0)|activePlanning|(-1, -1, -1)|6.52777952806
(1, -1, 0)|remindTruths|(1, 0, 1)|8.05842803467
(1, 0, -1)|rewardPunish|(1, -1, -1)|5.88942029013
(-1, 0, -1)|activePlanning|(0, -1, 1)|1.78413903197
(1, -1, 1)|rewardPunish|(-1, 1, -1)|3.50162331471
(1, 0, 1)|remindTruths|(-1, 1, 1)|4.4649140979
(1, 1, 1)|remindTruths|(-1, 1, 0)|6.40736727384
(1, -1, 1)|remindTruths|(1, 1, -1)|1.82726803317
(-1, -1, 1)|activePlanning|(-1, 1, -1)|5.05303845128
(1, 0, 0)|activePlanning|(1, 1, 0)|6.2680579018
(-1, -1, -1)|activePlanning|(1, -1, -1)|3.66658046308
(-1, 0, 1)|rewardPunish|(-1, 0, -1)|5.80347280066
(0, 0, 1)|remindTruths|(1, 0, 1)|1.11117162964
(-1, 1, 0)|rewardPunish|(-1, 0, 0)|6.60975294338
(-1, 1, 0)|remindTruths|(0, 1, -1)|3.61935217395
(1, 1, 0)|rewardPunish|(-1, 0, -1)|5.7506288518
(-1, 0, 1)|rewardPunish|(0, -1, 0)|3.16855502628
(1, 1, 1)|rewardPunish|(-1, 1, -1)|3.44131029646
(-1, 1, 1)|activePlanning|(0, 1, -1)|2.71175133905
(-1, -1, 0)|activePlanning|(-1, 0, 1)|2.7865414388
(1, -1, 0)|rewardPunish|(-1, -1, 1)|8.76606309066
(1, -1, 1)|activePlanning|(1, 0, 1)|4.88217058791
(-1, -1, -1)|activePlanning|(0, 1, 0)|3.12287512111
(1, 0, 0)|activePlanning|(0, 1, 1)|4.03088873532
(1, 0, 0)|rewardPunish|(-1, -1, -1)|6.20812441204
(-1, 1, -1)|remindTruths|(0, -1, 0)|2.21049272961
(1, 0, 0)|remindTruths|(0, 0, 1)|3.4959494078
(1, -1, -1)|activePlanning|(-1, 0, 0)|9.11381100647
(0, -1, 0)|activePlanning|(0, 0, -1)|2.78597674317
(0, -1, 1)|remindTruths|(1, 1, 1)|3.20917335413
(-1, 0, 0)|rewardPunish|(1, 1, 0)|1.53918936868
(-1, 0, 1)|remindTruths|(1, -1, 1)|2.16145049311
(1, -1, 1)|activePlanning|(1, -1, -1)|7.49110929836
(0, 1, 0)|rewardPunish|(0, -1, 0)|8.85289233859
(0, 0, 1)|rewardPunish|(-1, 0, -1)|8.77447782103
(1, 1, 1)|activePlanning|(-1, 1, -1)|3.57703071081
(0, 0, 0)|remindTruths|(-1, 1, 1)|1.15275666414
(-1, 0, 0)|activePlanning|(0, 1, -1)|2.45888876459
(-1, -1, 1)|activePlanning|(0, 0, 0)|6.68738660183
(1, 1, -1)|remindTruths|(-1, -1, -1)|3.67478589485
(1, 0, -1)|activePlanning|(1, 1, 0)|5.91729432962
(1, 0, 0)|remindTruths|(0, 0, 1)|9.79356185266
(-1, 1, 0)|activePlanning|(-1, 0, 0)|5.5253729841
(1, 0, 0)|activePlanning|(-1, 0, 1)|6.87143727873
(-1, -1, -1)|remindTruths|(1, -1, 0)|2.81119125687
(0, 0, -1)|rewardPunish|(0, -1, -1)|8.89355818502
(-1, -1, 0)|activePlanning|(0, 0, 0)|5.28887324145
(1, -1, -1)|rewardPunish|(1, -1, 1)|7.04097926147
(1, -1, 1)|rewardPunish|(1, 1, 0)|1.11715875184
(-1, 0, -1)|remindTruths|(-1, -1, 1)|4.82031013507
(0, 0, -1)|remindTruths|(-1, 0, 0)|3.72171433638
(1, 0, -1)|rewardPunish|(0, 0, 1)|3.69077745273
(1, -1, 0)|rewardPunish|(1, 1, 0)|3.87889245451
(-1, -1, -1)|activePlanning|(1, 0, 0)|9.83131063766
(0, 0, 0)|activePlanning|(-1, 0, 0)|7.2797250783
(1, -1, 0)|activePlanning|(-1, 0, -1)|1.54755502725
(1, -1, -1)|activePlanning|(-1, -1, 1)|7.77725765601
(1, 0, -1)|activePlanning|(-1, 1, -1)|6.00354425792
(0, 1, 0)|remindTruths|(1, -1, 1)|5.94198645877
(-1, 1, -1)|remindTruths|(1, 0, 0)|9.80620158618
(1, -1, 0)|remindTruths|(-1, 1, 1)|2.58748881115
(1, -1, -1)|activePlanning|(0, 0, 0)|1.40235635478
(1, -1, 1)|remindTruths|(1, -1, 0)|1.34671575731
(0, 0, 0)|remindTruths|(1, -1, 1)|9.86966493001
(0, -1, 1)|remindTruths|(-1, -1, 1)|7.51145384208
(-1, 0, 1)|activePlanning|(-1, 1, -1)|4.19469333835
(-1, 1, -1)|activePlanning|(1, -1, 1)|3.49669272685
(0, -1, 0)|remindTruths|(1, 1, 0)|6.48562565538
(0, 1, -1)|rewardPunish|(1, 1, 0)|5.40159595732
(0, 0, 0)|remindTruths|(0, 0, 1)|7.40185999362
(1, 1, -1)|activePlanning|(1, 1, 0)|9.27009633412
(-1, 0, 0)|rewardPunish|(0, 0, 0)|7.93547073007
(1, 0, 1)|remindTruths|(1, 0, 1)|7.50027582702
(1, 0, 0)|activePlanning|(1, -1, -1)|4.66674569693
(-1, 1, 0)|rewardPunish|(0, -1, 0)|4.08403923208
(1, 1, 1)|remindTruths|(0, -1, 0)|5.41097686975
(-1, 0, 1)|activePlanning|(0, -1, -1)|7.12540552289
(0, 0, 0)|activePlanning|(1, 0, 0)|6.46746380267
(1, 0, 0)|rewardPunish|(-1, -1, 1)|9.41538615914
(0, 0, -1)|rewardPunish|(0, -1, -1)|5.43938928004
(0, 1, -1)|activePlanning|(1, 0, 1)|5.27207565629
(1, -1, 0)|activePlanning|(1, 0, 0)|6.59087755993
(-1, 0, -1)|rewardPunish|(0, 0, 0)|3.95601328153
(0, 1, 1)|remindTruths|(1, 1, 0)|3.57055279028
(0, 0, 1)|rewardPunish|(0, 1, -1)|5.84705426122
(-1, -1, 0)|remindTruths|(1, 0, 0)|8.69310728367
(0, 1, -1)|rewardPunish|(1, -1, 1)|4.36353181616
(-1, -1, 0)|remindTruths|(0, 0, -1)|6.4075158037
(0, 1, 1)|remindTruths|(1, 0, -1)|3.07606581708
(-1, 0, 1)|remindTruths|(0, -1, 1)|6.25571823383
(-1, -1, 1)|rewardPunish|(0, 0, 1)|4.22332749026
(-1, -1, 0)|activePlanning|(-1, 1, -1)|7.93055001622
(-1, 1, 0)|rewardPunish|(-1, 0, -1)|6.52758855656
(1, 1, 1)|rewardPunish|(1, 1, 1)|7.47194011159
(-1, 1, 0)|remindTruths|(-1, 0, 1)|6.02507415855
(0, 1, -1)|remindTruths|(-1, -1, 1)|4.75835328891
(1, 1, 0)|rewardPunish|(1, 0, 1)|8.1702670935
(0, -1, 0)|remindTruths|(0, 1, 0)|2.12279054853
(-1, -1, 0)|rewardPunish|(-1, 0, -1)|8.49189535334
(-1, -1, 1)|remindTruths|(-1, 0, -1)|2.18827359978
(1, -1, -1)|remindTruths|(0, 1, 0)|8.77323312357
(1, -1, -1)|activePlanning|(0, 0, 0)|8.01020052002
(1, 0, -1)|rewardPunish|(-1, 0, -1)|2.41392259979
(0, 1, 1)|remindTruths|(0, -1, -1)|7.69768406963
(-1, 0, 1)|activePlanning|(0, 1, 0)|3.22282410952
(1, 1, -1)|remindTruths|(1, 1, -1)|1.1594851551
(0, -1, 1)|rewardPunish|(0, -1, 0)|5.21435227162
(1, -1, 1)|activePlanning|(-1, -1, 1)|6.05803305727
(-1, 1, 0)|remindTruths|(-1, 0, -1)|1.53567227718
(0, -1, 1)|activePlanning|(-1, 0, 1)|6.67225425651
(-1, 1, 0)|rewardPunish|(-1, 1, 0)|7.49716441383
(1, 1, 0)|rewardPunish|(1, 0, 1)|7.47826619424
(-1, 0, 0)|rewardPunish|(-1, 0, 0)|1.57976173852
(-1, 1, 0)|activePlanning|(-1, 1, 0)|9.3030148833
(0, 1, 0)|rewardPunish|(0, 1, 0)|4.20025069607
(1, -1, 0)|remindTruths|(1, 0, -1)|8.56150432509
(0, 1, 1)|activePlanning|(-1, -1, -1)|8.7001759325
(1, 1, 1)|remindTruths|(1, 1, 1)|3.13750811611
(1, 1, 1)|rewardPunish|(0, 0, -1)|7.70743440329
(1, 1, 0)|rewardPunish|(-1, 0, -1)|5.1979546726
(1, 0, -1)|rewardPunish|(1, -1, 0)|9.22600041126
(0, -1, -1)|rewardPunish|(0, 1, 1)|9.50955366777
(-1, 1, 0)|remindTruths|(0, -1, 0)|8.64764254146
(0, 1, 0)|remindTruths|(1, 0, 1)|7.21355783406
(-1, -1, 1)|rewardPunish|(1, 0, 1)|3.25580942307
(0, -1, 1)|activePlanning|(-1, 1, 0)|1.92666919269
(1, -1, 1)|remindTruths|(1, -1, 0)|8.10867786017
(0, -1, 0)|rewardPunish|(1, 1, 1)|2.50083333504
(0, -1, 0)|remindTruths|(0, 0, 0)|5.71005448292
(1, -1, 1)|remindTruths|(1, -1, 0)|9.16593691411
(1, -1, 0)|rewardPunish|(-1, -1, 1)|2.59640364706
(0, 1, 0)|activePlanning|(1, 0, 0)|2.94868582628
(1, 1, -1)|rewardPunish|(1, 1, -1)|5.46498652328
(0, -1, -1)|remindTruths|(0, -1, 0)|4.47010055999
(0, -1, -1)|activePlanning|(-1, 1, 0)|9.96087464813
(0, 1, 1)|activePlanning|(-1, -1, 1)|9.52938635953
(0, -1, 0)|rewardPunish|(0, 0, -1)|1.75411558761
(1, 1, -1)|remindTruths|(1, -1, 0)|4.07566294878
(0, 0, 0)|rewardPunish|(1, -1, 0)|2.78189804019
(1, 1, 1)|remindTruths|(-1, -1, 1)|9.17210430291
(1, 1, 1)|activePlanning|(0, 0, -1)|8.77263265735
(-1, 1, 0)|activePlanning|(0, 0, 1)|6.47557400495
(1, -1, -1)|rewardPunish|(1, 0, -1)|3.70038053168
(1, -1, -1)|activePlanning|(0, 1, 1)|8.79252253294
(0, 0, 0)|activePlanning|(-1, -1, 1)|1.83854834848
(1, 0, -1)|remindTruths|(0, 1, 0)|7.62109677647
(-1, 1, -1)|remindTruths|(1, 0, -1)|1.2295342126
(-1, 0, -1)|activePlanning|(-1, 1, 0)|5.06607264493
(-1, -1, 1)|activePlanning|(1, -1, 0)|8.2783408749
(0, -1, 1)|rewardPunish|(0, 0, -1)|6.72640712463
(1, -1, 1)|remindTruths|(0, -1, -1)|2.34478147846
(0, -1, -1)|rewardPunish|(0, -1, 0)|8.34988552123
(1, 0, 0)|remindTruths|(0, 1, 1)|7.73946594911
(0, 0, 0)|activePlanning|(-1, -1, 1)|1.51887439011
(1, 1, 1)|remindTruths|(1, 1, -1)|9.59774842558
(0, 0, 0)|activePlanning|(1, 1, 1)|3.87094157411
(-1, 0, 0)|activePlanning|(-1, -1, 1)|6.39413210128
(0, 1, -1)|activePlanning|(1, 0, 0)|4.74998323279
(0, 1, 0)|remindTruths|(-1, 0, 1)|4.37045285266
(0, 0, -1)|rewardPunish|(0, 1, -1)|4.32406686995
(1, -1, -1)|activePlanning|(-1, 1, 1)|3.20946878826
(0, 1, -1)|rewardPunish|(1, 1, 1)|9.97953540621
(0, -1, 1)|remindTruths|(1, -1, 0)|7.78153144706
(1, 1, 0)|activePlanning|(-1, -1, 1)|5.73002322478
(-1, 0, 1)|remindTruths|(1, 1, 1)|4.62862399636
(0, 1, 0)|activePlanning|(-1, -1, -1)|6.5749056449
(0, -1, 0)|activePlanning|(1, 0, 1)|8.3751046532
(1, -1, -1)|rewardPunish|(0, -1, 1)|6.00993994728
(0, 1, 0)|rewardPunish|(0, -1, 0)|9.67454997697
(0, 0, 0)|activePlanning|(1, 0, 0)|7.77842459767
(-1, 0, -1)|rewardPunish|(1, 1, -1)|2.27435077185
(1, 1, -1)|rewardPunish|(1, -1, -1)|9.93397505664
(1, -1, 1)|remindTruths|(-1, 0, 0)|9.1931669534
(1, 0, -1)|rewardPunish|(0, -1, -1)|9.81726923062
(-1, -1, 0)|remindTruths|(1, 1, -1)|7.43203129512
(0, -1, 1)|remindTruths|(0, 1, 0)|7.69691152091
(-1, 0, 1)|remindTruths|(-1, 0, -1)|6.61212845132
(1, 1, 0)|rewardPunish|(0, 1, 0)|5.44547613006
(-1, 1, 0)|remindTruths|(1, 0, -1)|3.99937006448
(-1, 0, 1)|activePlanning|(1, 0, 0)|3.48999758713
(1, 0, 0)|remindTruths|(1, 1, -1)|7.02873272265
(1, 0, 0)|remindTruths|(0, 0, -1)|5.95710258676
(-1, -1, -1)|remindTruths|(0, -1, -1)|4.92350896378
(0, 0, 1)|rewardPunish|(1, 1, -1)|3.82311250624
(0, 1, 0)|rewardPunish|(1, -1, 1)|4.50211429461
(1, 0, -1)|remindTruths|(0, 0, 1)|9.94099163205
(-1, 0, 1)|activePlanning|(0, -1, -1)|5.21414870734
(1, -1, 0)|remindTruths|(0, -1, -1)|8.42049462697
(-1, 1, 0)|activePlanning|(0, 0, -1)|2.6222281036
(-1, -1, -1)|rewardPunish|(1, 0, 0)|4.55543472254
(0, 0, 0)|remindTruths|(1, -1, 1)|6.27399371929
(0, 1, 0)|rewardPunish|(-1, 1, 0)|5.26474523036
(1, 1, -1)|rewardPunish|(-1, -1, -1)|5.02901053176
(-1, -1, -1)|remindTruths|(1, 1, 0)|4.84574550532
(1, 1, -1)|rewardPunish|(0, -1, 1)|5.11418538891
(-1, 0, 1)|activePlanning|(1, 1, 0)|9.70776894456
(1, -1, 1)|activePlanning|(1, -1, -1)|7.07983042245
(1, -1, -1)|remindTruths|(1, 1, 1)|9.65005110811
(0, 1, -1)|remindTruths|(1, -1, -1)|4.35542455738
(-1, -1, 1)|rewardPunish|(-1, 0, 0)|1.99305663156
(-1, -1, 1)|remindTruths|(1, -1, 1)|7.71416684616
(-1, 1, 1)|remindTruths|(0, 0, 1)|1.90208021787
(-1, -1, -1)|rewardPunish|(-1, 0, 1)|1.24345312105
(0, 0, 1)|activePlanning|(-1, 0, -1)|5.06287026809
(1, -1, 0)|remindTruths|(0, 1, -1)|9.99987353878
(0, 1, 1)|rewardPunish|(0, 0, 1)|6.05272770303
(-1, -1, 1)|activePlanning|(0, -1, 1)|7.21275211404
(1, -1, 1)|activePlanning|(0, 1, 0)|5.63557364324
(1, 1, -1)|rewardPunish|(0, 0, 0)|3.42463153088
(1, 1, 0)|remindTruths|(0, 1, 0)|9.17341120924
(-1, 0, 1)|remindTruths|(0, 1, 1)|4.45040181029
(0, 1, 1)|remindTruths|(0, 0, 0)|7.22404702625
(-1, 1, 1)|rewardPunish|(1, -1, 1)|2.97657016826
(-1, 0, 0)|activePlanning|(-1, 0, 0)|3.55364331143
(1, 0, -1)|rewardPunish|(-1, 1, 1)|6.32914818814
(1, 1, -1)|activePlanning|(0, 0, 1)|7.32476131934
(1, 1, 0)|activePlanning|(-1, 0, -1)|8.84141156246
(-1, -1, 1)|rewardPunish|(-1, 0, -1)|8.82119861813
(-1, 1, 0)|activePlanning|(1, -1, -1)|8.84559716078
(1, 1, 1)|rewardPunish|(0, 1, 1)|3.83184260495
(1, -1, 1)|rewardPunish|(1, 0, 0)|2.52969496493
(-1, 1, -1)|rewardPunish|(0, 1, 0)|3.45391463997
(-1, 0, -1)|remindTruths|(1, 0, 1)|5.91011644866
(1, 1, 0)|rewardPunish|(-1, -1, -1)|3.17130681002
(-1, 0, 1)|activePlanning|(-1, 0, 0)|4.67072438597
(1, 1, 0)|activePlanning|(1, 1, 0)|3.50979607142
(0, 0, 1)|activePlanning|(-1, -1, -1)|9.2842405006
(0, -1, 0)|rewardPunish|(-1, 1, 0)|5.47598925562
(-1, 0, 0)|rewardPunish|(0, -1, 0)|6.66404198101
(-1, 1, -1)|rewardPunish|(1, 1, 1)|9.62199304642
(-1, 1, 0)|remindTruths|(0, 1, -1)|4.10374500816
(1, 1, 1)|rewardPunish|(1, 0, -1)|3.44079898704
(1, 0, 1)|rewardPunish|(1, 1, -1)|3.92720831075
(1, -1, -1)|activePlanning|(0, 1, 1)|1.77867490001
(0, 1, 1)|remindTruths|(1, 0, 1)|9.45070974049
(1, -1, -1)|rewardPunish|(0, 0, 0)|8.16796014402
(-1, -1, 1)|remindTruths|(-1, -1, -1)|5.58739951087
(-1, 1, 0)|rewardPunish|(1, 1, 0)|9.65886450897
(0, 1, 0)|rewardPunish|(0, 1, 0)|5.60286953139
(1, 0, -1)|rewardPunish|(1, 1, 1)|2.78553091086
(0, 1, -1)|remindTruths|(-1, 0, -1)|4.52940514221
(0, -1, -1)|rewardPunish|(-1, 0, 0)|9.21424328269
(1, -1, 1)|remindTruths|(0, 1, 0)|7.62381000979
(-1, -1, 0)|remindTruths|(-1, 1, 0)|7.80184164312
(-1, 0, 1)|remindTruths|(1, -1, -1)|9.1282422789
(-1, -1, -1)|remindTruths|(0, 1, -1)|4.28978233575
(-1, 1, 0)|rewardPunish|(-1, 1, 0)|5.49038197847
(1, 0, 1)|activePlanning|(0, 0, 0)|2.12428880286
(0, 0, -1)|activePlanning|(1, -1, -1)|7.40954091306
(0, 0, 1)|rewardPunish|(-1, -1, -1)|6.43649188572
(-1, 1, 1)|rewardPunish|(-1, 0, 0)|5.19693670151
(1, 1, 0)|rewardPunish|(0, 0, 1)|9.92739734509
(1, 0, 1)|remindTruths|(0, 0, -1)|4.18237794181
(-1, 1, 0)|remindTruths|(-1, 1, 1)|7.45061823877
(0, -1, 0)|rewardPunish|(0, -1, 0)|7.00465479365
(-1, 0, 0)|activePlanning|(0, -1, -1)|1.50858669166
(1, 0, 1)|activePlanning|(-1, 1, 0)|2.61556401281
(0, 0, 0)|activePlanning|(-1, 0, 1)|6.32112271863
(-1, 1, -1)|remindTruths|(-1, -1, -1)|4.2504549684
(-1, 0, -1)|rewardPunish|(-1, -1, -1)|5.55995121581
(-1, 1, -1)|rewardPunish|(0, 0, -1)|4.69832448031
(1, 0, -1)|remindTruths|(-1, -1, 1)|3.05148592582
(-1, -1, 0)|rewardPunish|(0, 0, -1)|4.15526923841
(0, 1, -1)|remindTruths|(0, -1, 1)|7.97672849019
(1, -1, 1)|rewardPunish|(0, 1, 1)|9.98973292406
(-1, 0, -1)|activePlanning|(-1, 1, 0)|1.46605575377
(0, 0, 1)|remindTruths|(1, 1, -1)|2.70774868223
(0, 1, -1)|remindTruths|(-1, 1, -1)|2.1723400212
(-1, 1, -1)|remindTruths|(-1, 1, -1)|2.51027479258
(-1, 0, 1)|rewardPunish|(1, -1, 0)|6.14473176497
(-1, 1, -1)|activePlanning|(1, -1, -1)|2.67524354078
(1, 1, -1)|rewardPunish|(1, -1, -1)|3.42435330591
(-1, -1, 1)|remindTruths|(-1, 1, 1)|5.5565558056
(1, -1, -1)|remindTruths|(-1, 0, 1)|3.95580176675
(1, 0, -1)|rewardPunish|(-1, -1, 1)|6.89902774148
(1, 0, -1)|rewardPunish|(-1, 1, 0)|6.33879479468
(0, 1, 0)|remindTruths|(-1, -1, 1)|2.329363946
(0, -1, 0)|rewardPunish|(1, 0, 1)|8.9353386679
(0, 0, 1)|rewardPunish|(0, -1, 1)|5.41830631063
(1, 1, 0)|rewardPunish|(-1, 0, 1)|9.46381817394
(-1, -1, -1)|remindTruths|(-1, 1, -1)|6.46397201716
(1, 0, 0)|activePlanning|(-1, -1, -1)|7.23068156371
(-1, 0, 1)|remindTruths|(0, 1, -1)|2.6125272491
(0, 1, -1)|activePlanning|(1, -1, 1)|5.15590826891
(1, 0, 1)|remindTruths|(1, 0, 0)|8.7854780678
(0, 1, 1)|rewardPunish|(0, 1, -1)|5.02267562473
(1, 0, 0)|activePlanning|(-1, 0, -1)|1.68486628762
(-1, -1, 1)|rewardPunish|(-1, 1, 0)|7.23831506272
(1, 0, 0)|activePlanning|(0, 0, -1)|8.85664905939
(-1, -1, -1)|rewardPunish|(-1, 1, -1)|3.15836355159
(0, -1, 0)|remindTruths|(-1, 1, -1)|4.85439360164
(0, 1, 1)|activePlanning|(-1, 1, -1)|2.24462621112
(1, 0, 1)|rewardPunish|(0, 0, -1)|4.31298718135
(0, 0, -1)|remindTruths|(0, -1, 0)|7.59590907534
(-1, 1, 0)|remindTruths|(1, 0, 1)|9.56393545092
(1, 1, -1)|rewardPunish|(-1, -1, -1)|5.21678815449
(0, -1, 1)|activePlanning|(1, -1, -1)|6.47333667468
(-1, 0, 0)|activePlanning|(1, -1, 1)|3.19554112903
(0, -1, 0)|rewardPunish|(0, 1, -1)|2.61896144776
(-1, 1, -1)|activePlanning|(1, 0, 0)|7.98523663651
(1, 1, 0)|activePlanning|(1, 1, -1)|5.69068078718
(-1, 1, -1)|activePlanning|(0, 1, 1)|3.6470599666
(0, -1, 0)|remindTruths|(1, -1, 0)|8.70093807311
(0, -1, 1)|remindTruths|(1, 1, 0)|1.37015667633
(-1, 0, -1)|rewardPunish|(0, 1, 0)|1.08964960756
(0, 0, 1)|activePlanning|(-1, -1, -1)|7.6285408902
(0, 1, 1)|rewardPunish|(-1, 0, 0)|3.26148793061
(0, 0, 1)|rewardPunish|(1, 1, 0)|3.10031588692
(1, 0, -1)|activePlanning|(0, -1, 1)|1.44590127913
(0, 1, 1)|remindTruths|(0, 1, -1)|8.68055465086
(0, 0, 1)|activePlanning|(1, 0, 1)|2.25697891583
(0, -1, -1)|activePlanning|(1, 0, -1)|8.65757816304
(1, -1, 0)|activePlanning|(-1, -1, 1)|2.82408891801
(-1, 1, -1)|rewardPunish|(0, 0, 1)|6.58818409292
(1, -1, -1)|rewardPunish|(1, -1, 0)|5.13484600335
(-1, 0, 1)|activePlanning|(1, 0, 0)|7.06260640396
(0, -1, -1)|remindTruths|(0, 0, 1)|5.82982701256
(0, -1, -1)|remindTruths|(0, 1, 0)|1.46708489995
(1, 0, 0)|remindTruths|(1, 1, 1)|2.60969478901
(-1, 0, 0)|remindTruths|(-1, -1, -1)|1.41992886756
(-1, 0, 0)|rewardPunish|(-1, 1, 0)|1.66444913908
(0, 0, -1)|activePlanning|(1, 1, 0)|2.82463488906
(1, 0, -1)|activePlanning|(1, 0, 1)|9.90749400342
(1, -1, 1)|rewardPunish|(0, 0, 1)|2.06239026101
(1, -1, 1)|rewardPunish|(-1, -1, -1)|5.75702539938
(-1, 1, 1)|rewardPunish|(1, 1, -1)|9.17538072844
(-1, 1, -1)|activePlanning|(1, -1, 0)|1.65601008883
(-1, 1, -1)|activePlanning|(0, 0, -1)|1.92716264497
(0, -1, -1)|remindTruths|(-1, 0, 1)|4.91632389021
(0, 1, 0)|remindTruths|(1, -1, -1)|7.59508737664
(-1, 0, 0)|rewardPunish|(1, 0, 0)|6.4820712255
(1, -1, 1)|activePlanning|(0, 1, 1)|6.53870237229
(1, 1, -1)|rewardPunish|(1, 1, 1)|2.70662361525
(-1, -1, -1)|rewardPunish|(1, -1, -1)|6.98661565812
(0, -1, -1)|activePlanning|(1, -1, 0)|1.59678099919
(0, -1, 1)|activePlanning|(-1, 1, -1)|8.15750306871
(1, 1, 1)|remindTruths|(1, 0, -1)|5.54862874082
(0, 0, -1)|activePlanning|(-1, -1, 0)|7.02723883227
(-1, 1, -1)|rewardPunish|(0, -1, 1)|7.89390614166
(1, 1, 1)|rewardPunish|(0, 1, 0)|6.51213395955
(-1, 1, 0)|rewardPunish|(-1, 0, 0)|8.29291382859
(-1, 0, -1)|rewardPunish|(1, 1, 1)|2.26179478168
(1, -1, 1)|activePlanning|(1, -1, -1)|6.71017645491
(-1, 1, 1)|remindTruths|(0, -1, 1)|5.35260619968
(0, 1, 0)|rewardPunish|(1, 1, -1)|9.45022527728
(0, 1, -1)|remindTruths|(-1, 0, 1)|2.68641297571
(0, -1, -1)|remindTruths|(0, -1, 1)|1.75577192393
(-1, 1, 1)|remindTruths|(1, 0, 1)|8.87623457747
(1, -1, 0)|remindTruths|(-1, -1, -1)|1.97260180383
(-1, 0, -1)|remindTruths|(-1, -1, 0)|8.75765983108
(0, 0, 1)|remindTruths|(-1, 0, 1)|3.45855319636
(-1, -1, -1)|rewardPunish|(-1, -1, -1)|4.04293985196
(1, 1, 1)|rewardPunish|(-1, -1, 1)|5.77008517544
(1, 1, -1)|remindTruths|(-1, 0, -1)|7.38383379981
(1, -1, -1)|rewardPunish|(0, -1, 0)|6.5545326909
(-1, 0, -1)|remindTruths|(-1, -1, 1)|9.46510758562
(1, -1, 0)|activePlanning|(1, 1, -1)|3.91094836801
(1, -1, -1)|remindTruths|(-1, 1, -1)|8.90404773757
(1, 0, 1)|activePlanning|(-1, -1, 1)|4.21867769916
(-1, -1, 0)|activePlanning|(-1, -1, 0)|3.3772303896
(-1, 1, 0)|rewardPunish|(0, 1, -1)|9.21033092282
(0, 0, 0)|remindTruths|(1, 0, 0)|1.24058343982
(1, 0, -1)|activePlanning|(-1, 0, 0)|9.86002684527
(0, -1, 0)|activePlanning|(-1, 1, 0)|6.57369430272
(0, 0, -1)|activePlanning|(0, 0, -1)|9.47621661096
(0, 0, 1)|activePlanning|(-1, 0, 1)|9.94869803385
(0, 1, -1)|rewardPunish|(1, 0, -1)|9.62521642451
(-1, -1, 0)|rewardPunish|(0, 1, -1)|3.43274868166
(-1, 0, -1)|rewardPunish|(1, 1, 0)|1.91071205497
(1, -1, -1)|activePlanning|(0, 0, 1)|7.42660856441
(1, 1, 1)|rewardPunish|(1, 0, 1)|1.58820095757
(1, 0, 1)|rewardPunish|(1, -1, 0)|2.33559952909
(0, 0, 1)|rewardPunish|(1, 0, 1)|9.46788953822
(1, 1, 0)|remindTruths|(0, -1, 1)|6.19804886938
(1, 1, -1)|remindTruths|(-1, 1, -1)|8.42636984142
(-1, -1, -1)|activePlanning|(0, 0, 1)|3.66202596227
(0, 1, 0)|remindTruths|(1, 1, 0)|3.60904871398
(1, -1, -1)|remindTruths|(1, -1, 1)|8.27974828114
(1, 1, 0)|activePlanning|(1, 0, -1)|3.44841934567
(1, 1, 1)|activePlanning|(1, 0, 0)|7.87617730695
(0, 1, 0)|rewardPunish|(1, 1, 0)|3.45377398763
(-1, 1, 0)|rewardPunish|(1, 1, 1)|5.02629985116
(0, 1, 1)|remindTruths|(1, 0, -1)|5.93173287075
(1, 0, -1)|rewardPunish|(1, 1, 0)|8.28485299313
(-1, -1, 0)|rewardPunish|(0, 0, 1)|7.58330559571
(1, -1, 1)|remindTruths|(-1, 0, -1)|2.55323829511
(0, 1, -1)|rewardPunish|(-1, 0, 0)|4.50330036425
(1, 1, 0)|remindTruths|(0, 1, -1)|4.30853945582
(0, -1, 1)|activePlanning|(0, 1, -1)|6.31691118933
(0, 1, 0)|activePlanning|(-1, 0, 0)|1.65795397291
(1, 1, 0)|rewardPunish|(0, 0, 1)|2.49894786996
(0, 1, 0)|remindTruths|(1, 0, -1)|2.64142111598
(1, 1, 0)|remindTruths|(-1, -1, -1)|1.77473384666
(0, 0, -1)|activePlanning|(-1, -1, 1)|4.68200344689
(1, 0, 1)|activePlanning|(-1, 1, -1)|4.47306078982
(0, -1, 1)|remindTruths|(0, 0, 0)|7.65156237644
(0, 1, 0)|rewardPunish|(-1, 0, 1)|8.22456426769
(1, 1, 0)|remindTruths|(0, 1, -1)|1.72796785332
(-1, 1, -1)|remindTruths|(0, 0, 1)|3.35315889851
(0, -1, 1)|activePlanning|(1, -1, 1)|5.52522008976
(1, -1, -1)|rewardPunish|(-1, 1, 0)|5.26940325633
(0, -1, 0)|rewardPunish|(-1, 1, 0)|9.85830251596
(1, 1, 1)|remindTruths|(1, 1, 1)|2.46397896294
(-1, -1, 1)|remindTruths|(0, 0, 0)|5.6418472874
(1, -1, 0)|remindTruths|(0, 0, 1)|3.1823816381
(-1, 1, -1)|activePlanning|(-1, -1, -1)|6.46229837215
(0, -1, 0)|remindTruths|(-1, 0, 1)|5.29182330151
(-1, 0, 1)|activePlanning|(-1, 0, -1)|1.72616145502
(-1, 0, -1)|remindTruths|(0, -1, 0)|1.58674436161
(0, 0, -1)|activePlanning|(0, 0, 1)|1.79854871077
(-1, 0, -1)|activePlanning|(0, 1, -1)|8.66823039669
(0, 0, 0)|rewardPunish|(1, 0, 0)|2.55889251205
(0, 0, 1)|rewardPunish|(0, 1, 0)|6.86714723048
(-1, 0, -1)|remindTruths|(0, 0, 1)|6.83254125455
(-1, 1, -1)|activePlanning|(1, 0, 0)|2.52754345325
(0, 1, -1)|remindTruths|(0, 0, 1)|3.12896535438
(1, 1, 1)|remindTruths|(0, 0, 0)|2.56075799066
(-1, 1, -1)|rewardPunish|(0, 0, 0)|5.79625211963
(0, 0, -1)|activePlanning|(1, 0, 0)|6.78690300666
(1, 0, 0)|rewardPunish|(-1, 0, -1)|9.96000862948
(-1, -1, -1)|activePlanning|(1, 0, 1)|7.4883738545
(-1, -1, 1)|rewardPunish|(0, 0, -1)|1.41171790723
(-1, 1, 0)|activePlanning|(-1, 1, 1)|3.14999292706
(1, 0, -1)|remindTruths|(1, 1, 0)|1.64415449958
(-1, 0, 0)|rewardPunish|(1, 1, 1)|3.15430650077
(-1, -1, 0)|rewardPunish|(1, 1, 1)|6.46107335434
(1, -1, 1)|remindTruths|(-1, 1, -1)|4.57560986095
(-1, 1, -1)|activePlanning|(0, 1, 0)|7.46822197924
(-1, 1, 0)|remindTruths|(0, 1, 0)|5.74363461415
(1, 0, 1)|rewardPunish|(0, -1, 0)|3.12146246749
(0, 1, 0)|rewardPunish|(0, 0, -1)|2.34227143557
(-1, -1, -1)|activePlanning|(-1, -1, -1)|4.77228426026
(-1, 1, 0)|activePlanning|(-1, 1, -1)|7.34051612871
(1, -1, 0)|remindTruths|(1, 1, 0)|3.62351659476
(0, 0, -1)|remindTruths|(-1, -1, 1)|2.27359269626
(1, 1, 1)|rewardPunish|(0, -1, 1)|7.30845554053
(-1, 0, 0)|activePlanning|(1, 0, 1)|8.24964043873
(0, 1, 1)|activePlanning|(0, -1, 0)|3.54733070465
(0, 0, 0)|activePlanning|(1, -1, 0)|7.08043452688
(0, -1, 0)|remindTruths|(1, -1, 0)|7.74987135972
(-1, 1, 1)|activePlanning|(-1, 1, -1)|4.60083964838
(-1, 0, 0)|rewardPunish|(-1, 1, 1)|1.6501982042
(-1, 1, 0)|rewardPunish|(-1, 1, 0)|5.91485342401
(0, 1, -1)|remindTruths|(-1, 1, 0)|4.66841546533
(-1, -1, 0)|remindTruths|(-1, 0, 1)|1.83558148548
(1, 0, 0)|activePlanning|(1, -1, 0)|1.37030604392
(0, 0, 0)|activePlanning|(0, 1, 0)|8.77960629986
(-1, -1, -1)|remindTruths|(1, 1, 1)|8.57422992666
(-1, 0, 1)|activePlanning|(1, 1, -1)|2.29011664744
(1, 1, 0)|activePlanning|(-1, -1, 1)|1.74674733346
(1, 0, -1)|activePlanning|(1, 1, -1)|1.23414622556
(0, -1, 1)|rewardPunish|(1, -1, 1)|3.5802308688
(0, 0, -1)|rewardPunish|(1, -1, 0)|1.62157044008
(1, -1, 1)|rewardPunish|(-1, -1, 0)|4.80036675697
(-1, 1, -1)|rewardPunish|(1, 1, 0)|7.27940987791
(1, 1, 0)|remindTruths|(-1, 1, -1)|5.9394515177
(1, -1, 0)|activePlanning|(1, 1, -1)|8.76634445369
(0, 0, -1)|remindTruths|(-1, -1, 1)|1.48133217673
(-1, -1, 1)|rewardPunish|(-1, 1, 0)|1.33467879596
(1, -1, 0)|remindTruths|(0, -1, -1)|7.04677103775
(-1, -1, 0)|rewardPunish|(1, 0, -1)|9.719290325
(-1, -1, 0)|activePlanning|(-1, 1, 1)|5.18876504871
(-1, -1, 0)|activePlanning|(1, -1, 1)|7.59853866816
(-1, -1, 1)|activePlanning|(1, -1, 1)|2.04905525773
(-1, -1, 0)|rewardPunish|(0, 1, 1)|1.13591439361
(-1, 0, 0)|rewardPunish|(1, 0, 1)|9.59637389984
(-1, 0, 1)|remindTruths|(0, -1, -1)|9.75424094699
(0, 1, -1)|activePlanning|(0, -1, 0)|5.25064388484
(-1, -1, -1)|remindTruths|(-1, 1, -1)|3.12322102801
(0, 0, -1)|remindTruths|(-1, -1, -1)|9.75199311443
(-1, 0, -1)|activePlanning|(-1, 0, -1)|6.44109648055
(1, 1, -1)|activePlanning|(1, -1, 1)|5.43665210953
(-1, 1, -1)|rewardPunish|(1, -1, 1)|5.31180893505
(1, 0, 0)|remindTruths|(1, -1, 1)|1.59334689222
(1, 1, 0)|remindTruths|(-1, -1, 0)|9.78470063246
(0, 0, 0)|activePlanning|(-1, 1, -1)|6.80287773272
(-1, 0, 1)|rewardPunish|(0, -1, 0)|2.22432230983
(0, 1, 0)|remindTruths|(1, 0, 1)|3.40358545228
(-1, -1, 1)|rewardPunish|(-1, -1, 0)|6.85476041743
(1, 0, 1)|rewardPunish|(0, 0, 1)|8.81769739791
(0, -1, 0)|activePlanning|(0, -1, -1)|8.47712987731
(0, 1, -1)|rewardPunish|(-1, -1, 1)|7.61476771079
(1, -1, 0)|remindTruths|(-1, -1, 0)|4.02923092355
(1, 1, 0)|remindTruths|(-1, -1, -1)|4.614539783
(-1, -1, 0)|rewardPunish|(1, 1, 1)|5.75130630123
(-1, -1, 0)|remindTruths|(0, 0, -1)|4.18144270883
(0, 1, 1)|rewardPunish|(1, 0, 1)|2.32336061286
(-1, -1, -1)|remindTruths|(1, 0, -1)|3.9792460169
(1, 1, 0)|activePlanning|(1, 1, 1)|8.98351703352
(-1, -1, 1)|rewardPunish|(0, 0, 1)|3.41307067043
(-1, 0, 0)|remindTruths|(0, 0, 0)|7.93344160853
(-1, -1, 0)|rewardPunish|(0, -1, -1)|6.68321223557
(-1, 0, -1)|remindTruths|(0, 1, 0)|5.21942230219
(0, -1, 1)|rewardPunish|(-1, 1, 1)|4.28118228768
(-1, -1, 1)|rewardPunish|(-1, 0, 1)|3.88275447307
(-1, -1, 1)|rewardPunish|(-1, -1, 1)|9.99038971576
(0, -1, 1)|rewardPunish|(0, -1, -1)|7.4579736344
(-1, 0, 0)|rewardPunish|(1, -1, -1)|5.83086967707
(1, 1, -1)|activePlanning|(-1, -1, -1)|3.37114673318
(0, 1, 0)|activePlanning|(1, -1, -1)|6.57846141604
(-1, -1, 1)|remindTruths|(0, 0, 1)|2.02341617453
(1, -1, -1)|remindTruths|(-1, -1, -1)|7.13591832903
(-1, -1, -1)|remindTruths|(0, 1, 0)|9.65510897334
(1, -1, -1)|activePlanning|(1, -1, 1)|4.24844101976
(-1, 0, -1)|activePlanning|(0, 0, 1)|6.10972548487
(0, -1, -1)|remindTruths|(-1, 1, 1)|7.77529859232
(1, 0, 0)|remindTruths|(0, -1, 1)|4.8018351546
(-1, 0, 0)|rewardPunish|(0, 1, -1)|6.41293508329
(-1, -1, -1)|activePlanning|(0, 0, -1)|8.12955899711
(0, -1, -1)|rewardPunish|(1, 0, 1)|2.5964342438
(-1, 1, 0)|activePlanning|(1, 1, 0)|2.93489224835
(0, 0, 0)|rewardPunish|(1, 0, 1)|4.64033317814
(-1, 1, -1)|rewardPunish|(1, 1, 0)|9.27048501924
(-1, 1, 1)|remindTruths|(-1, 1, 1)|6.07488716951
(0, -1, 1)|activePlanning|(-1, -1, 1)|2.40244341767
(0, 1, -1)|activePlanning|(0, -1, 0)|6.61943509854
(-1, 0, 0)|remindTruths|(1, 0, 0)|5.93234516844
(0, 1, 1)|rewardPunish|(0, 1, -1)|3.72710262049
(-1, 0, 1)|activePlanning|(0, -1, 0)|6.33751344437
(0, 0, -1)|activePlanning|(-1, 1, 0)|3.16127398447
(0, 0, 0)|activePlanning|(0, -1, 0)|6.93500395544
(0, 1, 0)|activePlanning|(0, -1, -1)|4.29196715992
(-1, 1, 1)|remindTruths|(1, 1, -1)|1.98131871312
(1, -1, 1)|remindTruths|(-1, 0, 1)|7.74520748837
(0, -1, -1)|remindTruths|(-1, 0, -1)|2.61787173849
(1, 0, 1)|activePlanning|(-1, -1, 1)|2.19835361741
(-1, 1, 0)|remindTruths|(1, -1, 0)|2.73209271807
(1, -1, -1)|activePlanning|(-1, -1, 0)|6.79025932745
(1, -1, 0)|rewardPunish|(0, 0, 1)|7.74884653559
(1, -1, 0)|activePlanning|(-1, 1, 1)|2.89998370041
(0, 1, -1)|activePlanning|(0, 1, 1)|8.65673490419
(1, 0, 1)|remindTruths|(1, 1, -1)|5.40391157123
(1, 1, -1)|rewardPunish|(-1, -1, 0)|1.61550484253
(1, 0, 1)|remindTruths|(1, -1, 1)|1.41778206956
(-1, -1, 1)|remindTruths|(0, 1, 1)|7.36526321351
(0, 0, 1)|remindTruths|(1, 1, 1)|5.24546809064
(-1, -1, 0)|activePlanning|(1, -1, -1)|3.53654409236
(1, 0, -1)|rewardPunish|(1, -1, 0)|6.68242785995
(0, 0, 0)|remindTruths|(0, -1, -1)|9.08984482252
(0, -1, 1)|remindTruths|(-1, 0, -1)|4.14273724539
(1, 0, 0)|activePlanning|(1, 0, 1)|2.900217131
(0, -1, 0)|rewardPunish|(0, 0, 1)|6.01304218988
(-1, -1, 0)|rewardPunish|(-1, -1, 0)|6.21546722307
(-1, -1, 0)|rewardPunish|(0, -1, -1)|4.04155590615
(1, -1, 1)|activePlanning|(0, 1, -1)|1.3262158011
(1, -1, -1)|rewardPunish|(0, 1, -1)|9.86293053625
(-1, 1, 1)|activePlanning|(0, 0, -1)|8.36509484206
(0, 0, 0)|activePlanning|(1, -1, -1)|5.30107920635
(0, -1, -1)|rewardPunish|(1, 1, 0)|4.73010922699
(0, 1, 1)|rewardPunish|(-1, -1, 1)|2.11508973603
(1, 0, -1)|rewardPunish|(1, -1, -1)|9.99023875278
(-1, -1, -1)|rewardPunish|(0, 1, -1)|4.50419701752
(0, 1, -1)|rewardPunish|(-1, 0, 1)|5.56007866998
(1, 0, 1)|rewardPunish|(1, -1, 1)|4.1835634525
(1, -1, -1)|remindTruths|(1, -1, 1)|2.3550410742
(0, -1, 1)|remindTruths|(0, 1, 1)|8.09843077739
(0, 0, 0)|remindTruths|(-1, -1, 0)|3.02627483182
(1, -1, 1)|activePlanning|(1, -1, 0)|7.63674121543
(0, -1, -1)|activePlanning|(0, 0, 1)|7.66238138491
(0, -1, -1)|activePlanning|(1, -1, 0)|7.54054409227
(-1, 0, 0)|rewardPunish|(-1, 1, 1)|4.79209606632
(1, 0, -1)|remindTruths|(0, 1, 0)|5.32200490176
(0, 0, 0)|rewardPunish|(1, -1, -1)|2.28940283971
(-1, 0, -1)|activePlanning|(0, -1, 0)|1.29832904852
(0, -1, 0)|activePlanning|(-1, -1, 0)|8.47367455451
(-1, 0, 0)|remindTruths|(1, -1, 1)|1.00246211033
(-1, 1, 1)|remindTruths|(0, 0, 1)|6.29626844227
